0 50 400
1 1050 100
2 950 2300
3 350 500
4 450 400
5 750 700
6 250 2000
7 850 0
8 550 400
9 450 2400
10 450 1100
11 250 500
12 650 1300
13 1050 600
14 1050 0
15 1150 500
16 750 400
17 50 1900
18 650 1000
19 250 2400
20 550 1700
21 250 1700
22 950 1900
23 950 1700
24 1050 900
25 400 1150
26 100 50
27 900 50
28 500 550
29 1200 250
30 2000 550
31 600 350
32 2300 450
33 2100 450
34 1600 750
35 1100 1050
36 2300 850
37 400 1050
38 200 150
39 1200 850
40 700 250
41 2100 1150
42 1600 250
43 1600 750
44 1500 250
45 700 1050
46 500 250
47 1900 1150
48 300 150
49 100 50
