100
0 2150 4800
1 350 3100
2 750 2900
3 350 1800
4 550 0
5 2150 2500
6 2350 200
7 2350 1100
8 2250 3900
9 450 4700
10 2250 1900
11 650 1300
12 750 2000
13 1850 3200
14 1850 1300
15 950 3500
16 2050 4200
17 1550 3200
18 450 2600
19 650 4700
20 2450 1700
21 2050 4500
22 2350 2100
23 1150 2900
24 1750 1100
25 2450 0
26 1550 3400
27 2050 2300
28 1550 1400
29 1650 3000
30 350 1600
31 350 4100
32 650 3800
33 1050 1000
34 1550 2000
35 350 2800
36 2050 800
37 450 2500
38 1250 900
39 350 600
40 2350 4600
41 1250 2800
42 1050 900
43 750 3900
44 1750 3900
45 2450 3700
46 650 3000
47 350 2900
48 2450 4100
49 350 4000
50 4300 1250
51 100 2050
52 3300 2450
53 600 50
54 2200 1450
55 2100 2050
56 200 1850
57 2800 1950
58 2800 1150
59 3100 1750
60 1500 2450
61 3600 50
62 3500 2050
63 1300 350
64 400 2050
65 2300 750
66 1300 1650
67 3000 750
68 4400 50
69 1600 2050
70 700 2250
71 1800 1450
72 2100 1050
73 500 2250
74 1800 1150
75 800 1250
76 3900 1250
77 3000 250
78 1500 2450
79 4100 2150
80 2000 2250
81 1200 1750
82 700 1850
83 900 1350
84 2500 2050
85 2200 450
86 2700 1750
87 1200 850
88 3500 850
89 200 650
90 2900 1850
91 2800 1750
92 500 1650
93 2900 2250
94 3000 1250
95 3900 2050
96 4400 650
97 1900 1550
98 3200 850
99 100 2050
